64
DeerMouse_1       0.0000000 0.7092560 0.0721624 1.1113226 5.0380695 2.1615056 3.3844786 0.8892756 0.7092560 0.3003418 1.9894447 0.0344380 0.0721624 4.2202916 1.0848910 1.8124969 2.6689977 2.1854247 2.1854247 4.5699463 3.0245197 5.9993233 0.2432498 0.0726230 0.0726230 1.0848910 6.0518502 1.9894447 0.0940330 4.1487943 0.8616455 2.6000215 2.0971003 2.3987111 0.0344615 1.1113226 0.1918446 0.2411371 1.9894447 6.4663769 0.1383004 0.3086519 3.5963031 1.9284363 2.8561307 2.9056000 2.2610703 2.8912320 3.1917869 1.0848910 0.8422379 1.9894447 5.6182395 5.0579847 1.0842753 0.0933067 0.0933067 2.2867232 2.3266469 0.0000010 0.0736877 0.3003418 0.8604185 1.8124969 
DeerMouse_2       0.7092560 0.0000000 0.7280008 1.3352998 1.9757962 5.9886341 5.3777581 1.3384500 0.0000010 1.0197672 0.0000010 0.6798725 0.7280008 1.7300717 1.2910023 4.6071872 5.9899061 3.7119524 3.7119524 6.5053000 8.3054083 4.1262538 0.7032843 0.6392733 0.6392733 1.2910023 4.3050951 0.0000010 0.8029011 1.7019420 1.3391355 6.0467845 5.2906224 3.5025949 0.6868866 1.3352998 0.7405118 1.0829994 0.0000010 4.5459380 0.7695214 1.0752570 1.7019420 4.6071872 5.9899061 6.8695007 5.7399378 6.2833134 9.0000000 1.2910023 1.3384500 0.0000010 3.9419633 1.9757962 1.2910023 0.8203486 0.8203486 4.0455133 1.7253960 0.7092560 0.6507499 1.0560409 1.3391355 4.6071872 
DeerMouse_3       0.0721624 0.7280008 0.0000000 1.0734074 4.4848133 2.1250154 3.3019414 0.9932704 0.7280008 0.2700831 2.3070121 0.0704396 0.0000010 4.0136595 1.0773726 2.0171193 2.6242769 2.1471559 2.1471559 4.2878132 2.8645370 5.2452624 0.2485473 0.0665651 0.0665651 1.0469038 5.2755379 2.3070121 0.0688757 4.0097076 0.9625932 2.5592446 2.0672204 2.3418101 0.0717921 1.0734074 0.1859930 0.2982467 2.3070121 5.6880454 0.1673794 0.2784341 3.6188016 2.1414648 2.7980388 2.8180178 2.2148581 2.7696836 3.0188106 1.0469038 0.9447588 2.3070121 4.9240564 4.4979471 1.0464520 0.0701816 0.0701816 2.2384989 2.3714076 0.0721624 0.0674674 0.2700831 0.9623997 2.0171193 
DeerMouse_4       1.1113226 1.3352998 1.0734074 0.0000000 4.1614849 2.0280942 2.6564372 1.2226372 1.3352998 0.9938505 2.6036058 1.0747735 1.0734074 3.6729996 0.2323301 3.4285665 3.0213284 2.0370919 2.0370919 5.8419821 2.8530036 3.7951876 1.1513283 1.0558407 1.0558407 0.2511258 4.1063365 2.6036058 1.0943123 3.6698759 1.1731967 3.0260055 1.9707402 2.1505259 1.1113226 0.0000010 1.1627894 1.3388917 2.6036058 4.1061655 1.4151689 1.0452855 3.6406508 3.6213371 3.1518463 3.1935926 2.3224198 2.3841837 3.0293525 0.2511258 1.1940338 2.6036058 3.6026752 4.1212212 0.2890025 1.0943123 1.0943123 2.2431831 1.8035313 1.1113226 1.0588710 0.9938505 1.1128054 3.4285665 
DeerMouse_5       5.0380695 1.9757962 4.4848133 4.1614849 0.0000000 1.6094858 2.9825379 4.6870473 1.9757962 4.7323953 5.4904241 4.4001332 4.4848133 0.0916167 4.1548231 3.2431737 1.9082394 1.6281587 1.6281587 1.8182394 1.5703480 2.8837371 3.7975075 4.1372049 4.1372049 4.2214639 2.8357060 5.6108676 4.9111953 0.0901548 4.5603689 1.9082394 1.6358408 1.6011144 4.7310405 4.1614849 3.4853751 8.9999989 5.5412365 2.8781738 4.7350655 4.2222705 0.1491048 3.8096106 2.0069416 2.0797877 1.6130803 1.5784716 1.5784716 4.2214639 4.5943210 5.4904241 3.0123770 0.0706628 4.0907419 5.1143484 5.1143484 1.6094858 5.2978119 5.0380695 4.2384571 4.7323953 4.6307944 3.7950700 
DeerMouse_6       2.1615056 5.9886341 2.1250154 2.0280942 1.6094858 0.0000000 3.0999777 3.2377022 5.9886341 2.7167362 3.3222503 2.1615056 2.1250154 1.6436124 2.0367602 2.3828203 0.5051303 0.0524002 0.0524002 0.4950181 0.2951537 2.3385776 2.1366983 2.1250154 2.1250154 2.0637336 2.6008087 3.3222503 2.1765087 1.5688521 2.7770981 0.5108957 0.0689390 0.2598086 2.1615056 2.0280942 2.1076237 2.2921479 3.1549962 2.8096173 2.9391537 3.5632018 1.7585774 2.3635651 0.5529582 0.5374245 0.1638192 0.3016906 0.2493659 2.0637336 3.2675616 3.3222503 2.5829887 1.8140388 2.0506445 2.1765087 2.1765087 0.0342294 2.9077196 2.1615056 2.1250154 2.7167362 2.7047405 2.5611043 
GroundSquirrel_1  3.3844786 5.3777581 3.3019414 2.6564372 2.9825379 3.0999777 0.0000000 3.1368553 5.3777581 3.4996148 3.1677949 3.3844786 3.3019414 2.7811392 2.5516669 8.9999990 3.4853945 2.9947820 2.9947820 3.3829950 3.6786633 3.5890208 3.5290210 3.3019414 3.3019414 2.5021075 3.6675479 3.1677949 3.3621899 2.7811392 3.0833344 3.4715298 2.9467103 2.6312149 3.3844786 2.6564372 3.3720125 3.2302596 3.1677949 3.9427374 4.8725608 4.1841069 3.2637518 8.9999984 3.6121977 3.6121977 3.0779139 3.3110322 3.8231912 2.5021075 3.0778609 3.1677949 3.6088358 3.0797977 2.4531490 3.3621899 3.3621899 3.0088278 4.5757505 3.3844786 3.3019414 3.4996148 2.8367193 8.9999986 
GroundSquirrel_2  0.8892756 1.3384500 0.9932704 1.2226372 4.6870473 3.2377022 3.1368553 0.0000000 1.3384500 0.7840885 3.7959080 0.8866936 0.9932704 4.0057626 1.1347223 5.0027147 3.2641819 3.3144071 3.3144071 8.9999985 4.4252453 4.9322978 0.9377126 0.9401807 0.9401807 1.1324657 5.2154490 3.7959080 0.9300942 3.9453043 0.0321953 3.3582587 3.1609618 3.4408178 0.8892756 1.2226372 0.8724807 1.0249858 3.7959080 5.2149145 1.1197281 0.8160569 3.5360019 5.4483987 3.4762275 3.5653213 3.4854479 4.7191629 4.6741415 1.1324657 0.0322447 3.7959080 4.9338772 4.5425715 1.0779994 0.9300942 0.9300942 3.3839506 4.0550790 0.8892756 0.9427321 0.7840885 0.0496103 5.0027147 
GroundSquirrel_3  0.7092560 0.0000010 0.7280008 1.3352998 1.9757962 5.9886341 5.3777581 1.3384500 0.0000000 1.0197672 0.0000010 0.6798725 0.7280008 1.7300717 1.2910023 4.6071872 5.9899061 3.7119524 3.7119524 6.5053000 8.3054083 4.1262538 0.7032843 0.6392733 0.6392733 1.2910023 4.3050951 0.0000010 0.8029011 1.7019420 1.3391355 6.0467845 5.2906224 3.5025949 0.6868866 1.3352998 0.7405118 1.0829994 0.0000010 4.5459380 0.7695214 1.0752570 1.7019420 4.6071872 5.9899061 6.8695007 5.7399378 6.2833134 9.0000000 1.2910023 1.3384500 0.0000010 3.9419633 1.9757962 1.2910023 0.8203486 0.8203486 4.0455133 1.7253960 0.7092560 0.6507499 1.0560409 1.3391355 4.6071872 
GroundSquirrel_4  0.3003418 1.0197672 0.2700831 0.9938505 4.7323953 2.7167362 3.4996148 0.7840885 1.0197672 0.0000000 0.0000010 0.2755878 0.2700831 3.7022665 0.9787446 0.0000010 3.2341014 2.7653454 2.7653454 8.9999982 9.0000000 4.9964667 0.3252718 0.2994725 0.2994725 0.9787446 5.3447881 0.0000010 0.3690757 3.6947940 0.7549646 3.3973324 2.4727716 3.0033701 0.3142303 0.9938505 0.4477462 0.5071929 0.0000010 5.2856692 0.3865869 0.0347087 3.6947940 0.0000010 3.2341014 3.3195065 2.4039149 4.7861936 9.0000000 0.9787446 0.7840885 0.0000010 4.5418856 4.7323953 0.9787446 0.3383304 0.3383304 3.1188333 1.9221258 0.3003418 0.3071354 0.0862498 0.7549646 0.0000010 
GroundSquirrel_5  1.9894447 0.0000010 2.3070121 2.6036058 5.4904241 3.3222503 3.1677949 3.7959080 0.0000010 0.0000010 0.0000000 1.9894447 2.3070121 5.4106745 2.9352418 4.2597662 2.5125183 3.2491157 3.2491157 2.1028571 3.1957524 6.2891910 2.2429755 2.3070121 2.3070121 2.9998126 5.0802403 0.0557626 2.4143903 5.2869322 3.6718676 2.5125183 3.1111192 3.5880797 1.9894447 2.6036058 2.2087150 3.1190200 0.0508665 4.9070832 2.8074605 0.0000010 5.6498841 4.0029478 2.7293331 3.0690961 3.2132911 2.7203536 2.7203536 2.9998126 3.7213022 0.0685611 6.6360629 5.8970410 2.8351252 2.4143903 2.4143903 3.3222503 7.4282525 1.9894447 2.3070121 0.0000010 3.6357861 4.4222608 
GroundSquirrel_6  0.0344380 0.6798725 0.0704396 1.0747735 4.4001332 2.1615056 3.3844786 0.8866936 0.6798725 0.2755878 1.9894447 0.0000000 0.0704396 3.7656917 1.0477307 1.8124969 2.6689977 2.1854247 2.1854247 4.5699463 3.0245197 5.9993233 0.2350283 0.0341205 0.0341205 1.0477307 6.0518502 1.9894447 0.0696484 3.7053316 0.8594201 2.6000215 2.0971003 2.3987111 0.0329388 1.0747735 0.1850230 0.2640625 1.9894447 6.4663769 0.1579320 0.2833065 3.2505624 1.9284363 2.8561307 2.9056000 2.2610703 2.8912320 3.1917869 1.0477307 0.8401706 1.9894447 5.6182395 4.4155781 1.0472749 0.0691401 0.0691401 2.2867232 2.3266469 0.0344380 0.0346000 0.2755878 0.8581826 1.8124969 
GroundSquirrel_7  0.0721624 0.7280008 0.0000010 1.0734074 4.4848133 2.1250154 3.3019414 0.9932704 0.7280008 0.2700831 2.3070121 0.0704396 0.0000000 4.0136595 1.0773726 2.0171193 2.6242769 2.1471559 2.1471559 4.2878132 2.8645370 5.2452624 0.2485473 0.0665651 0.0665651 1.0469038 5.2755379 2.3070121 0.0688757 4.0097076 0.9625932 2.5592446 2.0672204 2.3418101 0.0717921 1.0734074 0.1859930 0.2982467 2.3070121 5.6880454 0.1673794 0.2784341 3.6188016 2.1414648 2.7980388 2.8180178 2.2148581 2.7696836 3.0188106 1.0469038 0.9447588 2.3070121 4.9240564 4.4979471 1.0464520 0.0701816 0.0701816 2.2384989 2.3714076 0.0721624 0.0674674 0.2700831 0.9623997 2.0171193 
GroundSquirrel_8  4.2202916 1.7300717 4.0136595 3.6729996 0.0916167 1.6436124 2.7811392 4.0057626 1.7300717 3.7022665 5.4106745 3.7656917 4.0136595 0.0000000 3.6355754 3.1278055 1.9595919 1.6617441 1.6617441 2.0427483 1.6105423 2.6718592 3.5052274 3.7895570 3.7895570 3.6906643 2.6215082 5.5257809 4.4206840 0.0358253 3.8993690 1.9595919 1.6694736 1.6325000 3.9888936 3.6729996 3.2375748 8.0887127 5.4586453 2.6598219 4.2815375 3.3103411 0.0925542 3.6831788 2.0634159 2.0283151 1.6459732 1.6091365 1.6091365 3.6906643 3.9025719 5.4106745 2.7868080 0.0921552 3.5862412 4.5653853 4.5653853 1.6436124 4.9907370 4.2202916 3.8632873 3.7022665 3.9730477 3.6679418 
GroundSquirrel_9  1.0848910 1.2910023 1.0773726 0.2323301 4.1548231 2.0367602 2.5516669 1.1347223 1.2910023 0.9787446 2.9352418 1.0477307 1.0773726 3.6355754 0.0000000 3.4029793 3.0832274 2.0458516 2.0458516 4.2747219 2.9117949 3.6312161 1.1142631 1.0589456 1.0589456 0.0158421 3.9227755 2.9352418 1.0681624 3.6324604 1.0926470 3.0874386 1.9782542 2.2286695 1.0848910 0.2323301 1.1154045 1.2932630 2.9352418 3.9350551 1.3925515 1.0315819 3.7998324 3.6048871 3.2089682 3.2515788 2.3353814 2.4910706 3.1532119 0.0158421 1.1096029 2.9352418 3.4728788 4.1015718 0.0479961 1.0681624 1.0681624 2.2547337 2.0071876 1.0848910 1.0621008 0.9787446 1.0769350 3.4029793 
GroundSquirrel_10 1.8124969 4.6071872 2.0171193 3.4285665 3.2431737 2.3828203 8.9999990 5.0027147 4.6071872 0.0000010 4.2597662 1.8124969 2.0171193 3.1278055 3.4029793 0.0000000 3.1986205 2.2015544 2.2015544 2.7959235 2.3960402 7.2947549 1.9602072 2.0171193 2.0171193 3.3753315 7.9633391 4.5171194 1.9615637 3.1718920 4.7488109 3.1986205 2.2611511 2.4528208 1.8124969 3.4285665 1.8455070 2.3988346 4.2689815 7.8222241 1.9646712 0.0000010 2.7855574 0.0520802 3.3698743 3.4608212 2.3079544 2.5127968 2.5127968 3.3753315 6.0511479 4.2977916 8.9999989 3.4175853 3.4130296 1.9615637 1.9615637 2.3828203 8.9999990 1.8124969 2.0171193 0.0000010 4.8072106 0.0521545 
GroundSquirrel_11 2.6689977 5.9899061 2.6242769 3.0213284 1.9082394 0.5051303 3.4853945 3.2641819 5.9899061 3.2341014 2.5125183 2.6689977 2.6242769 1.9595919 3.0832274 3.1986205 0.0000000 0.4674344 0.4674344 0.9257425 0.4569613 3.9644230 2.6873986 2.6016720 2.6016720 3.1156135 3.9200885 2.5125183 2.6610901 1.8536677 2.9984609 0.0330345 0.4583755 0.4187714 2.6689977 3.0213284 2.6856680 2.8247581 2.5125183 4.0538954 2.7508169 3.0873567 2.1182977 3.2628364 0.0332923 0.0341731 0.4787894 0.4104238 0.2558750 3.1156135 3.2842624 2.5125183 4.6164007 1.9735286 3.0969441 2.6610901 2.6610901 0.5335422 3.3970423 2.6689977 2.6016720 3.2341014 2.9485826 3.0887949 
GroundSquirrel_12 2.1854247 3.7119524 2.1471559 2.0370919 1.6281587 0.0524002 2.9947820 3.3144071 3.7119524 2.7653454 3.2491157 2.1854247 2.1471559 1.6617441 2.0458516 2.2015544 0.4674344 0.0000000 0.0000010 0.4998710 0.2644388 2.3021305 2.1616941 2.1471559 2.1471559 2.0727156 2.5563216 3.4131454 2.1992365 1.5898797 2.8313622 0.4724730 0.0495022 0.2267528 2.1854247 2.0370919 2.1319090 2.3155310 3.0884458 2.7239303 2.9563538 3.5452383 1.7727170 2.1907897 0.5136276 0.4992248 0.1209455 0.2935672 0.2482744 2.0727156 3.3451644 3.2491157 2.5386593 1.8258022 2.0596330 2.1992365 2.1992365 0.0531993 2.8132228 2.1854247 2.1471559 2.7653454 2.7571919 2.3697653 
GroundSquirrel_13 2.1854247 3.7119524 2.1471559 2.0370919 1.6281587 0.0524002 2.9947820 3.3144071 3.7119524 2.7653454 3.2491157 2.1854247 2.1471559 1.6617441 2.0458516 2.2015544 0.4674344 0.0000010 0.0000000 0.4998710 0.2644388 2.3021305 2.1616941 2.1471559 2.1471559 2.0727156 2.5563216 3.4131454 2.1992365 1.5898797 2.8313622 0.4724730 0.0495022 0.2267528 2.1854247 2.0370919 2.1319090 2.3155310 3.0884458 2.7239303 2.9563538 3.5452383 1.7727170 2.1907897 0.5136276 0.4992248 0.1209455 0.2935672 0.2482744 2.0727156 3.3451644 3.2491157 2.5386593 1.8258022 2.0596330 2.1992365 2.1992365 0.0531993 2.8132228 2.1854247 2.1471559 2.7653454 2.7571919 2.3697653 
GroundSquirrel_14 4.5699463 6.5053000 4.2878132 5.8419821 1.8182394 0.4950181 3.3829950 8.9999985 6.5053000 8.9999982 2.1028571 4.5699463 4.2878132 2.0427483 4.2747219 2.7959235 0.9257425 0.4998710 0.4998710 0.0000000 0.4923449 2.3992727 4.7841374 4.2448434 4.2448434 4.3366452 2.3570740 2.1028571 4.3897459 1.9284814 8.9999989 0.9471155 0.4893148 0.3968712 4.5699463 5.8419821 4.4408819 4.8610612 2.1028571 2.4838789 5.6980417 8.9999990 2.2189830 2.9685334 1.0013206 1.0593398 0.4071170 0.2988894 0.2747059 4.3366452 8.9999987 2.1028571 2.5621817 1.8769560 4.3105176 4.3897459 4.3897459 0.4999943 3.5361348 4.5699463 4.2448434 8.9999982 8.9999987 2.7959235 
GroundSquirrel_15 3.0245197 8.3054083 2.8645370 2.8530036 1.5703480 0.2951537 3.6786633 4.4252453 8.3054083 9.0000000 3.1957524 3.0245197 2.8645370 1.6105423 2.9117949 2.3960402 0.4569613 0.2644388 0.2644388 0.4923449 0.0000000 2.4380556 3.1480577 2.8645370 2.8645370 2.9490516 2.4970669 3.3474269 2.9821159 1.5421406 5.3145944 0.4691455 0.3066505 0.3419446 3.0245197 2.8530036 3.0165920 3.3686070 3.0453979 2.6276081 4.1105671 9.0000000 1.7137640 2.3759045 0.5129418 0.4976412 0.3766770 0.2474689 0.2194363 2.9490516 4.4744548 3.1957524 2.6591930 1.7642532 2.9275341 2.9821159 2.9821159 0.2969471 3.1605342 3.0245197 2.8645370 9.0000000 5.2885168 2.5780208 
GroundSquirrel_16 5.9993233 4.1262538 5.2452624 3.7951876 2.8837371 2.3385776 3.5890208 4.9322978 4.1262538 4.9964667 6.2891910 5.9993233 5.2452624 2.6718592 3.6312161 7.2947549 3.9644230 2.3021305 2.3021305 2.3992727 2.4380556 0.0000000 5.8691980 5.2452624 5.2452624 3.6653780 0.0763495 6.2891910 5.5570545 2.6718592 5.8560201 3.9989894 2.2843454 2.2016943 5.9993233 3.7951876 6.0080552 5.7672608 6.1024251 0.0788199 6.1487637 4.6585831 2.9654800 7.3465520 4.2039716 3.9958743 2.4450875 2.3246851 2.6724540 3.6653780 4.9277421 6.2891910 0.0553763 2.9764420 3.6417414 5.5570545 5.5570545 2.4064973 7.1748514 5.9993233 5.2452624 4.9964667 5.6420142 7.1284928 
GroundSquirrel_17 0.2432498 0.7032843 0.2485473 1.1513283 3.7975075 2.1366983 3.5290210 0.9377126 0.7032843 0.3252718 2.2429755 0.2350283 0.2485473 3.5052274 1.1142631 1.9602072 2.6873986 2.1616941 2.1616941 4.7841374 3.1480577 5.8691980 0.0000000 0.2222352 0.2222352 1.1142631 6.0279316 2.2429755 0.2336255 3.4581699 0.9071666 2.7728096 2.0710251 2.2279150 0.2157851 1.1513283 0.1024352 0.2816559 2.2429755 6.4186961 0.3023068 0.3350406 3.0962404 2.0905444 2.8766270 2.9275046 2.2538428 3.1027457 3.1961485 1.1142631 0.8875167 2.2429755 5.5151675 3.8075340 1.0525653 0.2293558 0.2293558 2.2661418 2.5031559 0.2432498 0.2220671 0.3252718 0.9063706 1.9602072 
GroundSquirrel_18 0.0726230 0.6392733 0.0665651 1.0558407 4.1372049 2.1250154 3.3019414 0.9401807 0.6392733 0.2994725 2.3070121 0.0341205 0.0665651 3.7895570 1.0589456 2.0171193 2.6016720 2.1471559 2.1471559 4.2448434 2.8645370 5.2452624 0.2222352 0.0000000 0.0000010 1.0298096 5.2755379 2.3070121 0.0691072 3.7442389 0.9116347 2.5361151 2.0672204 2.3418101 0.0513062 1.0558407 0.1622029 0.2484849 2.3070121 5.6880454 0.1624966 0.3085649 3.3946370 2.1414648 2.7752791 2.8180178 2.2148581 2.7696836 3.0188106 1.0298096 0.8933940 2.3070121 4.9240564 4.1481443 1.0294402 0.0704217 0.0704217 2.2384989 2.3714076 0.0726230 0.0162435 0.2994725 0.9109378 2.0171193 
GroundSquirrel_19 0.0726230 0.6392733 0.0665651 1.0558407 4.1372049 2.1250154 3.3019414 0.9401807 0.6392733 0.2994725 2.3070121 0.0341205 0.0665651 3.7895570 1.0589456 2.0171193 2.6016720 2.1471559 2.1471559 4.2448434 2.8645370 5.2452624 0.2222352 0.0000010 0.0000000 1.0298096 5.2755379 2.3070121 0.0691072 3.7442389 0.9116347 2.5361151 2.0672204 2.3418101 0.0513062 1.0558407 0.1622029 0.2484849 2.3070121 5.6880454 0.1624966 0.3085649 3.3946370 2.1414648 2.7752791 2.8180178 2.2148581 2.7696836 3.0188106 1.0298096 0.8933940 2.3070121 4.9240564 4.1481443 1.0294402 0.0704217 0.0704217 2.2384989 2.3714076 0.0726230 0.0162435 0.2994725 0.9109378 2.0171193 
GuineaPig_2       1.0848910 1.2910023 1.0469038 0.2511258 4.2214639 2.0637336 2.5021075 1.1324657 1.2910023 0.9787446 2.9998126 1.0477307 1.0469038 3.6906643 0.0158421 3.3753315 3.1156135 2.0727156 2.0727156 4.3366452 2.9490516 3.6653780 1.1142631 1.0298096 1.0298096 0.0000000 3.9615201 2.9998126 1.0375050 3.6873168 1.0904848 3.1196802 2.0042331 2.2565599 1.0848910 0.2511258 1.1154045 1.2683325 2.9998126 3.9712964 1.3925515 1.0315819 3.8560336 3.5819374 3.2419663 3.2863756 2.3662190 2.5217910 3.1999696 0.0000010 1.1073652 2.9998126 3.5079081 4.1681643 0.0318816 1.0375050 1.0375050 2.2832331 1.9605791 1.0848910 1.0329057 0.9787446 1.0748201 3.3753315 
GuineaPig_3       6.0518502 4.3050951 5.2755379 4.1063365 2.8357060 2.6008087 3.6675479 5.2154490 4.3050951 5.3447881 5.0802403 6.0518502 5.2755379 2.6215082 3.9227755 7.9633391 3.9200885 2.5563216 2.5563216 2.3570740 2.4970669 0.0763495 6.0279316 5.2755379 5.2755379 3.9615201 0.0000000 5.0802403 5.5914410 2.6215082 6.3137532 3.9595072 2.3938427 2.3085301 6.0518502 4.1063365 6.1845711 5.9196392 4.8506003 0.0553503 6.2241919 5.0026066 2.9187483 7.2392461 4.1915792 3.9584147 2.5715145 2.2012060 2.5292331 3.9615201 5.2080895 5.0802403 0.0960488 2.8220551 3.9367217 5.5914410 5.5914410 2.6677894 8.9999981 6.0518502 5.2755379 5.3447881 6.0965392 6.9344764 
GuineaPig_4       1.9894447 0.0000010 2.3070121 2.6036058 5.6108676 3.3222503 3.1677949 3.7959080 0.0000010 0.0000010 0.0557626 1.9894447 2.3070121 5.5257809 2.9352418 4.5171194 2.5125183 3.4131454 3.4131454 2.1028571 3.3474269 6.2891910 2.2429755 2.3070121 2.3070121 2.9998126 5.0802403 0.0000000 2.4143903 5.3854111 3.6718676 2.5125183 3.2630684 3.7823603 1.9894447 2.6036058 2.2087150 3.1190200 0.0851613 4.9070832 2.8074605 0.0000010 5.7815789 4.2250136 2.7293331 3.0690961 3.3723216 2.8231726 2.6330147 2.9998126 3.7213022 0.1325601 6.6360629 6.0492666 2.8351252 2.4143903 2.4143903 3.3222503 8.9999984 1.9894447 2.3070121 0.0000010 3.6357861 4.6802908 
GuineaPig_7       0.0940330 0.8029011 0.0688757 1.0943123 4.9111953 2.1765087 3.3621899 0.9300942 0.8029011 0.3690757 2.4143903 0.0696484 0.0688757 4.4206840 1.0681624 1.9615637 2.6610901 2.1992365 2.1992365 4.3897459 2.9821159 5.5570545 0.2336255 0.0691072 0.0691072 1.0375050 5.5914410 2.4143903 0.0000000 4.3657016 0.9008762 2.5949353 2.1143416 2.4027007 0.0719353 1.0943123 0.1746948 0.2864567 2.4143903 5.9713023 0.1882027 0.3806326 3.9285324 2.0874995 2.8399239 2.8864092 2.2718126 2.8648372 3.1377384 1.0375050 0.8818360 2.4143903 5.2393483 4.9264119 1.0370868 0.0164628 0.0164628 2.2961909 2.4490980 0.0940330 0.0700791 0.3690757 0.9000435 1.9615637 
GuineaPig_8       4.1487943 1.7019420 4.0097076 3.6698759 0.0901548 1.5688521 2.7811392 3.9453043 1.7019420 3.6947940 5.2869322 3.7053316 4.0097076 0.0358253 3.6324604 3.1718920 1.8536677 1.5898797 1.5898797 1.9284814 1.5421406 2.6718592 3.4581699 3.7442389 3.7442389 3.6873168 2.6215082 5.3854111 4.3657016 0.0000000 3.8394437 1.8536677 1.5981929 1.5629793 3.9213561 3.6698759 3.1936674 7.9086756 5.3272613 2.6598219 4.2168896 3.3069020 0.0539845 3.4460060 1.9526297 2.0283151 1.7377860 1.6979690 1.6979690 3.6873168 3.8400883 5.2869322 2.7868080 0.0906756 3.5833707 4.5077479 4.5077479 1.5688521 4.9907370 4.1487943 3.8158896 3.6947940 3.9141981 3.7278990 
GuineaPig_9       0.8616455 1.3391355 0.9625932 1.1731967 4.5603689 2.7770981 3.0833344 0.0321953 1.3391355 0.7549646 3.6718676 0.8594201 0.9625932 3.8993690 1.0926470 4.7488109 2.9984609 2.8313622 2.8313622 8.9999989 5.3145944 5.8560201 0.9071666 0.9116347 0.9116347 1.0904848 6.3137532 3.6718676 0.9008762 3.8394437 0.0000000 3.0852115 2.7033974 2.9722328 0.8616455 1.1731967 0.8450605 0.9904835 3.6718676 6.2360514 1.0806644 0.7845978 3.4353830 5.1533712 3.1934851 3.2606528 2.9598621 4.8380469 4.4163617 1.0904848 0.0649827 3.6718676 5.9213591 4.4133515 1.0371740 0.9008762 0.9008762 2.8994752 4.2283809 0.8616455 0.9140396 0.7549646 0.0489485 4.7488109 
GuineaPig_10      2.6000215 6.0467845 2.5592446 3.0260055 1.9082394 0.5108957 3.4715298 3.3582587 6.0467845 3.3973324 2.5125183 2.6000215 2.5592446 1.9595919 3.0874386 3.1986205 0.0330345 0.4724730 0.4724730 0.9471155 0.4691455 3.9989894 2.7728096 2.5361151 2.5361151 3.1196802 3.9595072 2.5125183 2.5949353 1.8536677 3.0852115 0.0000000 0.4631436 0.4280640 2.6000215 3.0260055 2.6163190 2.7595502 2.5125183 4.0898577 2.6801244 3.2539082 2.1182977 3.2628364 0.0334302 0.0343184 0.4834678 0.4136378 0.2707979 3.1196802 3.3782352 2.5125183 4.6547462 1.9735286 3.1010978 2.5949353 2.5949353 0.5399587 3.3539142 2.6000215 2.5361151 3.3973324 3.0359695 3.0887949 
GuineaPig_11      2.0971003 5.2906224 2.0672204 1.9707402 1.6358408 0.0689390 2.9467103 3.1609618 5.2906224 2.4727716 3.1111192 2.0971003 2.0672204 1.6694736 1.9782542 2.2611511 0.4583755 0.0495022 0.0495022 0.4893148 0.3066505 2.2843454 2.0710251 2.0672204 2.0672204 2.0042331 2.3938427 3.2630684 2.1143416 1.5981929 2.7033974 0.4631436 0.0000000 0.1581890 2.0971003 1.9707402 2.0453959 2.2209731 2.9592193 2.6053526 2.8093777 3.1666002 1.7797667 2.2481991 0.5032749 0.4894407 0.1180297 0.2617494 0.2392185 2.0042331 3.1917001 3.1111192 2.5414838 1.8730764 1.9919455 2.1143416 2.1143416 0.1069300 2.6427014 2.0971003 2.0672204 2.4727716 2.6305216 2.4268220 
GuineaPig_12      2.3987111 3.5025949 2.3418101 2.1505259 1.6011144 0.2598086 2.6312149 3.4408178 3.5025949 3.0033701 3.5880797 2.3987111 2.3418101 1.6325000 2.2286695 2.4528208 0.4187714 0.2267528 0.2267528 0.3968712 0.3419446 2.2016943 2.2279150 2.3418101 2.3418101 2.2565599 2.3085301 3.7823603 2.4027007 1.5629793 2.9722328 0.4280640 0.1581890 0.0000000 2.3987111 2.1505259 2.2622253 2.4491244 3.4061642 2.5111210 2.6947383 2.8650843 1.7385218 2.4304356 0.4651088 0.4530740 0.3154460 0.2725068 0.2280316 2.2565599 3.4695933 3.5880797 2.3325113 1.8300017 2.2420649 2.4027007 2.4027007 0.3147510 2.3738471 2.3987111 2.3418101 3.0033701 2.9032901 2.6308876 
GuineaPig_13      0.0344615 0.6868866 0.0717921 1.1113226 4.7310405 2.1615056 3.3844786 0.8892756 0.6868866 0.3142303 1.9894447 0.0329388 0.0717921 3.9888936 1.0848910 1.8124969 2.6689977 2.1854247 2.1854247 4.5699463 3.0245197 5.9993233 0.2157851 0.0513062 0.0513062 1.0848910 6.0518502 1.9894447 0.0719353 3.9213561 0.8616455 2.6000215 2.0971003 2.3987111 0.0000000 1.1113226 0.1784669 0.2415486 1.9894447 6.4663769 0.1193896 0.3233018 3.4091763 1.9284363 2.8561307 2.9056000 2.2610703 2.8912320 3.1917869 1.0848910 0.8422379 1.9894447 5.6182395 4.7494925 1.0842753 0.0706519 0.0706519 2.2867232 2.3266469 0.0344615 0.0520251 0.3142303 0.8604185 1.8124969 
GuineaPig_14      1.1113226 1.3352998 1.0734074 0.0000010 4.1614849 2.0280942 2.6564372 1.2226372 1.3352998 0.9938505 2.6036058 1.0747735 1.0734074 3.6729996 0.2323301 3.4285665 3.0213284 2.0370919 2.0370919 5.8419821 2.8530036 3.7951876 1.1513283 1.0558407 1.0558407 0.2511258 4.1063365 2.6036058 1.0943123 3.6698759 1.1731967 3.0260055 1.9707402 2.1505259 1.1113226 0.0000000 1.1627894 1.3388917 2.6036058 4.1061655 1.4151689 1.0452855 3.6406508 3.6213371 3.1518463 3.1935926 2.3224198 2.3841837 3.0293525 0.2511258 1.1940338 2.6036058 3.6026752 4.1212212 0.2890025 1.0943123 1.0943123 2.2431831 1.8035313 1.1113226 1.0588710 0.9938505 1.1128054 3.4285665 
GuineaPig_16      0.1918446 0.7405118 0.1859930 1.1627894 3.4853751 2.1076237 3.3720125 0.8724807 0.7405118 0.4477462 2.2087150 0.1850230 0.1859930 3.2375748 1.1154045 1.8455070 2.6856680 2.1319090 2.1319090 4.4408819 3.0165920 6.0080552 0.1024352 0.1622029 0.1622029 1.1154045 6.1845711 2.2087150 0.1746948 3.1936674 0.8450605 2.6163190 2.0453959 2.2622253 0.1784669 1.1627894 0.0000000 0.2018766 2.2087150 6.5995013 0.2803397 0.4617510 2.8617088 1.9627662 2.8753235 2.9263716 2.2054742 2.8826088 3.1877009 1.1154045 0.8251782 2.2087150 5.6238536 3.4934255 1.0541537 0.1787261 0.1787261 2.2314053 2.3838274 0.1918446 0.1620935 0.4477462 0.8436460 1.8455070 
NakedMoleRat_3    0.2411371 1.0829994 0.2982467 1.3388917 8.9999989 2.2921479 3.2302596 1.0249858 1.0829994 0.5071929 3.1190200 0.2640625 0.2982467 8.0887127 1.2932630 2.3988346 2.8247581 2.3155310 2.3155310 4.8610612 3.3686070 5.7672608 0.2816559 0.2484849 0.2484849 1.2683325 5.9196392 3.1190200 0.2864567 7.9086756 0.9904835 2.7595502 2.2209731 2.4491244 0.2415486 1.3388917 0.2018766 0.0000000 3.1190200 6.3074688 0.3233468 0.5232950 6.2944331 2.5516238 3.0136732 3.0704161 2.3987052 3.1593686 3.5312542 1.2683325 0.9714805 3.1190200 5.4227802 8.9999989 1.2054311 0.2754974 0.2754974 2.4243102 3.1069260 0.2411371 0.2732361 0.5071929 0.9905777 2.3988346 
NakedMoleRat_4    1.9894447 0.0000010 2.3070121 2.6036058 5.5412365 3.1549962 3.1677949 3.7959080 0.0000010 0.0000010 0.0508665 1.9894447 2.3070121 5.4586453 2.9352418 4.2689815 2.5125183 3.0884458 3.0884458 2.1028571 3.0453979 6.1024251 2.2429755 2.3070121 2.3070121 2.9998126 4.8506003 0.0851613 2.4143903 5.3272613 3.6718676 2.5125183 2.9592193 3.4061642 1.9894447 2.6036058 2.2087150 3.1190200 0.0000000 4.6872819 2.8074605 0.0000010 5.7068752 4.0044718 2.7293331 3.0690961 3.0899820 2.6259467 2.4635901 2.9998126 3.7213022 0.1240261 6.4640766 5.9649149 2.8351252 2.4143903 2.4143903 3.1549962 8.9999980 1.9894447 2.3070121 0.0000010 3.6357861 4.4365324 
NakedMoleRat_5    6.4663769 4.5459380 5.6880454 4.1061655 2.8781738 2.8096173 3.9427374 5.2149145 4.5459380 5.2856692 4.9070832 6.4663769 5.6880454 2.6598219 3.9350551 7.8222241 4.0538954 2.7239303 2.7239303 2.4838789 2.6276081 0.0788199 6.4186961 5.6880454 5.6880454 3.9712964 0.0553503 4.9070832 5.9713023 2.6598219 6.2360514 4.0898577 2.6053526 2.5111210 6.4663769 4.1061655 6.5995013 6.3074688 4.6872819 0.0000000 6.7739066 4.9799766 2.9627882 7.1496218 4.3102002 4.0812679 2.7070119 2.4005771 2.4322258 3.9712964 5.2079560 4.9070832 0.0991111 2.8645618 3.9481957 5.9713023 5.9713023 2.8356318 8.9999985 6.4663769 5.6880454 5.2856692 6.0312197 6.8768382 
NakedMoleRat_7    0.1383004 0.7695214 0.1673794 1.4151689 4.7350655 2.9391537 4.8725608 1.1197281 0.7695214 0.3865869 2.8074605 0.1579320 0.1673794 4.2815375 1.3925515 1.9646712 2.7508169 2.9563538 2.9563538 5.6980417 4.1105671 6.1487637 0.3023068 0.1624966 0.1624966 1.3925515 6.2241919 2.8074605 0.1882027 4.2168896 1.0806644 2.6801244 2.8093777 2.6947383 0.1193896 1.4151689 0.2803397 0.3233468 2.8074605 6.7739066 0.0000000 0.3564863 3.7125886 1.8452077 2.9495207 3.0065425 3.1106668 3.4164549 3.9438817 1.3925515 1.0623918 2.8074605 5.6710498 4.7550499 1.3902648 0.1848260 0.1848260 3.1349629 2.1559851 0.1383004 0.1648313 0.3865869 1.0817715 1.9646712 
NakedMoleRat_8    0.3086519 1.0752570 0.2784341 1.0452855 4.2222705 3.5632018 4.1841069 0.8160569 1.0752570 0.0347087 0.0000010 0.2833065 0.2784341 3.3103411 1.0315819 0.0000010 3.0873567 3.5452383 3.5452383 8.9999990 9.0000000 4.6585831 0.3350406 0.3085649 0.3085649 1.0315819 5.0026066 0.0000010 0.3806326 3.3069020 0.7845978 3.2539082 3.1666002 2.8650843 0.3233018 1.0452855 0.4617510 0.5232950 0.0000010 4.9799766 0.3564863 0.0000000 3.3069020 0.0000010 3.0873567 3.1597467 3.1851180 4.5253737 9.0000000 1.0315819 0.8160569 0.0000010 4.2273624 4.2222705 1.0315819 0.3488776 0.3488776 4.0360346 1.9779309 0.3086519 0.3166907 0.1091410 0.7845978 0.0000010 
NakedMoleRat_9    3.5963031 1.7019420 3.6188016 3.6406508 0.1491048 1.7585774 3.2637518 3.5360019 1.7019420 3.6947940 5.6498841 3.2505624 3.6188016 0.0925542 3.7998324 2.7855574 2.1182977 1.7727170 1.7727170 2.2189830 1.7137640 2.9654800 3.0962404 3.3946370 3.3946370 3.8560336 2.9187483 5.7815789 3.9285324 0.0539845 3.4353830 2.1182977 1.7797667 1.7385218 3.4091763 3.6406508 2.8617088 6.2944331 5.7068752 2.9627882 3.7125886 3.3069020 0.0000000 3.0108352 2.2353806 2.3094145 1.9380885 1.8911068 1.8911068 3.8560336 3.4180104 5.6498841 3.0991360 0.1500359 3.7481486 4.0473245 4.0473245 1.7585774 5.4589552 3.5963031 3.4504174 3.6947940 3.5158932 3.2338191 
NakedMoleRat_10   1.9284363 4.6071872 2.1414648 3.6213371 3.8096106 2.3635651 8.9999984 5.4483987 4.6071872 0.0000010 4.0029478 1.9284363 2.1414648 3.6831788 3.6048871 0.0520802 3.2628364 2.1907897 2.1907897 2.9685334 2.3759045 7.3465520 2.0905444 2.1414648 2.1414648 3.5819374 7.2392461 4.2250136 2.0874995 3.4460060 5.1533712 3.2628364 2.2481991 2.4304356 1.9284363 3.6213371 1.9627662 2.5516238 4.0044718 7.1496218 1.8452077 0.0000010 3.0108352 0.0000000 3.4313111 3.5158760 2.4327896 2.6506930 2.6506930 3.5819374 6.6373954 4.0424227 8.9999985 4.0264635 3.6292827 2.0874995 2.0874995 2.3635651 8.9999990 1.9284363 2.1414648 0.0000010 5.2547154 0.0705149 
NakedMoleRat_11   2.8561307 5.9899061 2.7980388 3.1518463 2.0069416 0.5529582 3.6121977 3.4762275 5.9899061 3.2341014 2.7293331 2.8561307 2.7980388 2.0634159 3.2089682 3.3698743 0.0332923 0.5136276 0.5136276 1.0013206 0.5129418 4.2039716 2.8766270 2.7752791 2.7752791 3.2419663 4.1915792 2.7293331 2.8399239 1.9526297 3.1934851 0.0334302 0.5032749 0.4651088 2.8561307 3.1518463 2.8753235 3.0136732 2.7293331 4.3102002 2.9495207 3.0873567 2.2353806 3.4313111 0.0000000 0.0000010 0.4408141 0.3722953 0.2215411 3.2419663 3.4961375 2.7293331 4.9372716 2.0828627 3.2231020 2.8399239 2.8399239 0.5835420 3.2988138 2.8561307 2.7752791 3.2341014 3.1448646 3.2462265 
NakedMoleRat_12   2.9056000 6.8695007 2.8180178 3.1935926 2.0797877 0.5374245 3.6121977 3.5653213 6.8695007 3.3195065 3.0690961 2.9056000 2.8180178 2.0283151 3.2515788 3.4608212 0.0341731 0.4992248 0.4992248 1.0593398 0.4976412 3.9958743 2.9275046 2.8180178 2.8180178 3.2863756 3.9584147 3.0690961 2.8864092 2.0283151 3.2606528 0.0343184 0.4894407 0.4530740 2.9056000 3.1935926 2.9263716 3.0704161 3.0690961 4.0812679 3.0065425 3.1597467 2.3094145 3.5158760 0.0000010 0.0000000 0.4288102 0.3622479 0.2157933 3.2863756 3.5864330 3.0690961 4.6024698 2.1599583 3.2665623 2.8864092 2.8864092 0.5668194 3.0222075 2.9056000 2.8180178 3.3195065 3.2102171 3.3391959 
NakedMoleRat_13   2.2610703 5.7399378 2.2148581 2.3224198 1.6130803 0.1638192 3.0779139 3.4854479 5.7399378 2.4039149 3.2132911 2.2610703 2.2148581 1.6459732 2.3353814 2.3079544 0.4787894 0.1209455 0.1209455 0.4071170 0.3766770 2.4450875 2.2538428 2.2148581 2.2148581 2.3662190 2.5715145 3.3723216 2.2718126 1.7377860 2.9598621 0.4834678 0.1180297 0.3154460 2.2610703 2.3224198 2.2054742 2.3987052 3.0899820 2.7070119 3.1106668 3.1851180 1.9380885 2.4327896 0.4408141 0.4288102 0.0000000 0.2111177 0.1565576 2.3662190 3.5176467 3.2132911 2.8506267 1.8507887 2.3496999 2.2718126 2.2718126 0.1644938 2.8110475 2.2610703 2.2148581 2.4039149 2.8828547 2.4812246 
NakedMoleRat_14   2.8912320 6.2833134 2.7696836 2.3841837 1.5784716 0.3016906 3.3110322 4.7191629 6.2833134 4.7861936 2.7203536 2.8912320 2.7696836 1.6091365 2.4910706 2.5127968 0.4104238 0.2935672 0.2935672 0.2988894 0.2474689 2.3246851 3.1027457 2.7696836 2.7696836 2.5217910 2.2012060 2.8231726 2.8648372 1.6979690 4.8380469 0.4136378 0.2617494 0.2725068 2.8912320 2.3841837 2.8826088 3.1593686 2.6259467 2.4005771 3.4164549 4.5253737 1.8911068 2.6506930 0.3722953 0.3622479 0.2111177 0.0000000 0.0991347 2.5217910 4.7760486 2.7203536 2.7548377 1.8076193 2.5047781 2.8648372 2.8648372 0.3172878 2.5216391 2.8912320 2.7696836 4.7861936 4.7821550 2.7003891 
NakedMoleRat_15   3.1917869 9.0000000 3.0188106 3.0293525 1.5784716 0.2493659 3.8231912 4.6741415 9.0000000 9.0000000 2.7203536 3.1917869 3.0188106 1.6091365 3.1532119 2.5127968 0.2558750 0.2482744 0.2482744 0.2747059 0.2194363 2.6724540 3.1961485 3.0188106 3.0188106 3.1999696 2.5292331 2.6330147 3.1377384 1.6979690 4.4163617 0.2707979 0.2392185 0.2280316 3.1917869 3.0293525 3.1877009 3.5312542 2.4635901 2.4322258 3.9438817 9.0000000 1.8911068 2.6506930 0.2215411 0.2157933 0.1565576 0.0991347 0.0000000 3.1999696 4.7301046 2.7203536 2.8563198 1.8076193 3.1731072 3.1377384 3.1377384 0.2553227 3.4144853 3.1917869 3.0188106 9.0000000 4.3421554 2.7003891 
NakedMoleRat_17   1.0848910 1.2910023 1.0469038 0.2511258 4.2214639 2.0637336 2.5021075 1.1324657 1.2910023 0.9787446 2.9998126 1.0477307 1.0469038 3.6906643 0.0158421 3.3753315 3.1156135 2.0727156 2.0727156 4.3366452 2.9490516 3.6653780 1.1142631 1.0298096 1.0298096 0.0000010 3.9615201 2.9998126 1.0375050 3.6873168 1.0904848 3.1196802 2.0042331 2.2565599 1.0848910 0.2511258 1.1154045 1.2683325 2.9998126 3.9712964 1.3925515 1.0315819 3.8560336 3.5819374 3.2419663 3.2863756 2.3662190 2.5217910 3.1999696 0.0000000 1.1073652 2.9998126 3.5079081 4.1681643 0.0318816 1.0375050 1.0375050 2.2832331 1.9605791 1.0848910 1.0329057 0.9787446 1.0748201 3.3753315 
NakedMoleRat_18   0.8422379 1.3384500 0.9447588 1.1940338 4.5943210 3.2675616 3.0778609 0.0322447 1.3384500 0.7840885 3.7213022 0.8401706 0.9447588 3.9025719 1.1096029 6.0511479 3.2842624 3.3451644 3.3451644 8.9999987 4.4744548 4.9277421 0.8875167 0.8933940 0.8933940 1.1073652 5.2080895 3.7213022 0.8818360 3.8400883 0.0649827 3.3782352 3.1917001 3.4695933 0.8422379 1.1940338 0.8251782 0.9714805 3.7213022 5.2079560 1.0623918 0.8160569 3.4180104 6.6373954 3.4961375 3.5864330 3.5176467 4.7760486 4.7301046 1.1073652 0.0000000 3.7213022 5.0051827 4.4416006 1.0526340 0.8818360 0.8818360 3.4139017 3.7361744 0.8422379 0.8957895 0.7840885 0.0657798 6.0511479 
Rat_1             1.9894447 0.0000010 2.3070121 2.6036058 5.4904241 3.3222503 3.1677949 3.7959080 0.0000010 0.0000010 0.0685611 1.9894447 2.3070121 5.4106745 2.9352418 4.2977916 2.5125183 3.2491157 3.2491157 2.1028571 3.1957524 6.2891910 2.2429755 2.3070121 2.3070121 2.9998126 5.0802403 0.1325601 2.4143903 5.2869322 3.6718676 2.5125183 3.1111192 3.5880797 1.9894447 2.6036058 2.2087150 3.1190200 0.1240261 4.9070832 2.8074605 0.0000010 5.6498841 4.0424227 2.7293331 3.0690961 3.2132911 2.7203536 2.7203536 2.9998126 3.7213022 0.0000000 6.6360629 5.8970410 2.8351252 2.4143903 2.4143903 3.3222503 7.4840088 1.9894447 2.3070121 0.0000010 3.6357861 4.4559611 
Rat_2             5.6182395 3.9419633 4.9240564 3.6026752 3.0123770 2.5829887 3.6088358 4.9338772 3.9419633 4.5418856 6.6360629 5.6182395 4.9240564 2.7868080 3.4728788 8.9999989 4.6164007 2.5386593 2.5386593 2.5621817 2.6591930 0.0553763 5.5151675 4.9240564 4.9240564 3.5079081 0.0960488 6.6360629 5.2393483 2.7868080 5.9213591 4.6547462 2.5414838 2.3325113 5.6182395 3.6026752 5.6238536 5.4227802 6.4640766 0.0991111 5.6710498 4.2273624 3.0991360 8.9999985 4.9372716 4.6024698 2.8506267 2.7548377 2.8563198 3.5079081 5.0051827 6.6360629 0.0000000 3.1123354 3.4829965 5.2393483 5.2393483 2.7697329 4.3477638 5.6182395 4.9240564 4.5418856 5.5578262 8.9441578 
Rat_4             5.0579847 1.9757962 4.4979471 4.1212212 0.0706628 1.8140388 3.0797977 4.5425715 1.9757962 4.7323953 5.8970410 4.4155781 4.4979471 0.0921552 4.1015718 3.4175853 1.9735286 1.8258022 1.8258022 1.8769560 1.7642532 2.9764420 3.8075340 4.1481443 4.1481443 4.1681643 2.8220551 6.0492666 4.9264119 0.0906756 4.4133515 1.9735286 1.8730764 1.8300017 4.7494925 4.1212212 3.4934255 8.9999989 5.9649149 2.8645618 4.7550499 4.2222705 0.1500359 4.0264635 2.0828627 2.1599583 1.8507887 1.8076193 1.8076193 4.1681643 4.4416006 5.8970410 3.1123354 0.0000000 4.0379203 5.1307318 5.1307318 1.8140388 4.9907370 5.0579847 4.2503034 4.7323953 4.4885075 4.0114758 
Rat_5             1.0842753 1.2910023 1.0464520 0.2890025 4.0907419 2.0506445 2.4531490 1.0779994 1.2910023 0.9787446 2.8351252 1.0472749 1.0464520 3.5862412 0.0479961 3.4130296 3.0969441 2.0596330 2.0596330 4.3105176 2.9275341 3.6417414 1.0525653 1.0294402 1.0294402 0.0318816 3.9367217 2.8351252 1.0370868 3.5833707 1.0371740 3.1010978 1.9919455 2.2420649 1.0842753 0.2890025 1.0541537 1.2054311 2.8351252 3.9481957 1.3902648 1.0315819 3.7481486 3.6292827 3.2231020 3.2665623 2.3496999 2.5047781 3.1731072 0.0318816 1.0526340 2.8351252 3.4829965 4.0379203 0.0000000 1.0370868 1.0370868 2.2683066 1.9186481 1.0842753 1.0325244 0.9787446 1.0222554 3.4130296 
Rat_6             0.0933067 0.8203486 0.0701816 1.0943123 5.1143484 2.1765087 3.3621899 0.9300942 0.8203486 0.3383304 2.4143903 0.0691401 0.0701816 4.5653853 1.0681624 1.9615637 2.6610901 2.1992365 2.1992365 4.3897459 2.9821159 5.5570545 0.2293558 0.0704217 0.0704217 1.0375050 5.5914410 2.4143903 0.0164628 4.5077479 0.9008762 2.5949353 2.1143416 2.4027007 0.0706519 1.0943123 0.1787261 0.2754974 2.4143903 5.9713023 0.1848260 0.3488776 4.0473245 2.0874995 2.8399239 2.8864092 2.2718126 2.8648372 3.1377384 1.0375050 0.8818360 2.4143903 5.2393483 5.1307318 1.0370868 0.0000000 0.0000010 2.2961909 2.4490980 0.0933067 0.0714287 0.3383304 0.9000435 1.9615637 
Rat_7             0.0933067 0.8203486 0.0701816 1.0943123 5.1143484 2.1765087 3.3621899 0.9300942 0.8203486 0.3383304 2.4143903 0.0691401 0.0701816 4.5653853 1.0681624 1.9615637 2.6610901 2.1992365 2.1992365 4.3897459 2.9821159 5.5570545 0.2293558 0.0704217 0.0704217 1.0375050 5.5914410 2.4143903 0.0164628 4.5077479 0.9008762 2.5949353 2.1143416 2.4027007 0.0706519 1.0943123 0.1787261 0.2754974 2.4143903 5.9713023 0.1848260 0.3488776 4.0473245 2.0874995 2.8399239 2.8864092 2.2718126 2.8648372 3.1377384 1.0375050 0.8818360 2.4143903 5.2393483 5.1307318 1.0370868 0.0000010 0.0000000 2.2961909 2.4490980 0.0933067 0.0714287 0.3383304 0.9000435 1.9615637 
Rat_10            2.2867232 4.0455133 2.2384989 2.2431831 1.6094858 0.0342294 3.0088278 3.3839506 4.0455133 3.1188333 3.3222503 2.2867232 2.2384989 1.6436124 2.2547337 2.3828203 0.5335422 0.0531993 0.0531993 0.4999943 0.2969471 2.4064973 2.2661418 2.2384989 2.2384989 2.2832331 2.6677894 3.3222503 2.2961909 1.5688521 2.8994752 0.5399587 0.1069300 0.3147510 2.2867232 2.2431831 2.2314053 2.4243102 3.1549962 2.8356318 3.1349629 4.0360346 1.7585774 2.3635651 0.5835420 0.5668194 0.1644938 0.3172878 0.2553227 2.2832331 3.4139017 3.3222503 2.7697329 1.8140388 2.2683066 2.2961909 2.2961909 0.0000000 3.4476864 2.2867232 2.2384989 3.1188333 2.8259557 2.5611043 
Rat_11            2.3266469 1.7253960 2.3714076 1.8035313 5.2978119 2.9077196 4.5757505 4.0550790 1.7253960 1.9221258 7.4282525 2.3266469 2.3714076 4.9907370 2.0071876 8.9999990 3.3970423 2.8132228 2.8132228 3.5361348 3.1605342 7.1748514 2.5031559 2.3714076 2.3714076 1.9605791 8.9999981 8.9999984 2.4490980 4.9907370 4.2283809 3.3539142 2.6427014 2.3738471 2.3266469 1.8035313 2.3838274 3.1069260 8.9999980 8.9999985 2.1559851 1.9779309 5.4589552 8.9999990 3.2988138 3.0222075 2.8110475 2.5216391 3.4144853 1.9605791 3.7361744 7.4840088 4.3477638 4.9907370 1.9186481 2.4490980 2.4490980 3.4476864 0.0000000 2.3266469 2.3714076 1.9105004 3.9577187 8.9999990 
Rat_12            0.0000010 0.7092560 0.0721624 1.1113226 5.0380695 2.1615056 3.3844786 0.8892756 0.7092560 0.3003418 1.9894447 0.0344380 0.0721624 4.2202916 1.0848910 1.8124969 2.6689977 2.1854247 2.1854247 4.5699463 3.0245197 5.9993233 0.2432498 0.0726230 0.0726230 1.0848910 6.0518502 1.9894447 0.0940330 4.1487943 0.8616455 2.6000215 2.0971003 2.3987111 0.0344615 1.1113226 0.1918446 0.2411371 1.9894447 6.4663769 0.1383004 0.3086519 3.5963031 1.9284363 2.8561307 2.9056000 2.2610703 2.8912320 3.1917869 1.0848910 0.8422379 1.9894447 5.6182395 5.0579847 1.0842753 0.0933067 0.0933067 2.2867232 2.3266469 0.0000000 0.0736877 0.3003418 0.8604185 1.8124969 
